1078.00000 1080.00000 -2.00000
1087.00000 1090.00000 -3.00000
1088.00000 1090.00000 -2.00000
1149.00000 1144.63800 4.36200
1168.00000 1163.71130 4.28870
1187.00000 1182.80000 4.20000
1188.00000 1190.00000 -2.00000
1249.00000 1240.16164 8.83836
1259.00000 1255.02231 3.97769
1269.00000 1265.05216 3.94784
1278.00000 1270.15117 7.84883
1287.00000 1275.13490 11.86510
1288.00000 1284.11214 3.88786
1359.00000 1346.32102 12.67898
1369.00000 1361.56050 7.43950
1378.00000 1363.40000 14.60000
1379.00000 1371.70004 7.29996
1388.00000 1377.14705 10.85295
1459.00000 1445.22543 13.77457
1469.00000 1455.32161 13.67839
1478.00000 1456.01634 21.98366
1479.00000 1455.14225 23.85775
1488.00000 1471.10300 16.89700
1489.00000 1482.26212 6.73788
1559.00000 1526.45013 32.54987
1569.00000 1536.80213 32.19787
1578.00000 1552.44420 25.55580
1579.00000 1563.06141 15.93859
1588.00000 1562.60806 25.39194
1589.00000 1572.55222 16.44778
1659.00000 1637.37012 21.62988
1669.00000 1645.42426 23.57574
1679.00000 1661.03612 17.96388
1688.00000 1661.12730 26.87270
1689.00000 1668.12153 20.87847
1759.00000 1736.11050 22.88950
1769.00000 1746.24110 22.75890
1779.00000 1753.52245 25.47755
1788.00000 1754.12200 33.87800
1789.00000 1763.62152 25.37848
1869.00000 1842.05347 26.94653
1879.00000 1827.74141 51.25859
1888.00000 1850.55235 37.44765
1889.00000 1862.34041 26.65959
1969.00000 1938.13304 30.86696
1979.00000 1948.44038 30.55962
1988.00000 1947.33176 40.66824
1989.00000 1958.60150 30.39850
2169.00000 2166.70000 2.30000
2269.00000 2264.52225 4.47775
2279.00000 2274.60800 4.39200
2369.00000 2360.54252 8.45748
2379.00000 2372.62323 6.37677
2389.00000 2384.81044 4.18956
2479.00000 2466.66544 12.33456
2489.00000 2480.95163 8.04837
2579.00000 2565.27531 13.72469
2589.00000 2575.44342 13.55658
2679.00000 2664.02721 14.97279
2689.00000 2672.21275 16.78725
2779.00000 2759.13302 19.86698
2789.00000 2771.01444 17.98556
2879.00000 2858.08342 20.91658
2889.00000 2868.15605 20.84395
2979.00000 2955.40836 23.59164
2989.00000 2965.22863 23.77137
3179.00000 3177.42553 1.57447
3289.00000 3285.65166 3.34834
3389.00000 3383.09341 5.90659
3489.00000 3480.34625 8.65375
3589.00000 3576.43272 12.56728
3689.00000 3675.42120 13.57880
3789.00000 3773.13146 15.86854
3889.00000 3870.95863 18.04137
3989.00000 3966.75081 22.24919
