141.00000 138.87138 2.12862
161.00000 157.96166 3.03834
163.00000 161.90018 1.09982
166.00000 164.00081 1.99919
190.00000 185.00043 4.99957
193.00000 191.00042 1.99958
213.00000 208.00043 4.99957
216.00000 212.00049 3.99951
219.00000 212.00049 6.99951
222.00000 220.00088 1.99912
224.00000 222.70100 1.29900
243.00000 241.50061 1.49939
282.00000 273.93186 8.06814
285.00000 273.93186 11.06814
309.00000 307.70036 1.29964
313.00000 302.90061 10.09939
320.00000 307.70036 12.29964
353.00000 340.00078 12.99922
356.00000 354.40246 1.59754
357.00000 346.00055 10.99945
384.00000 373.00027 10.99973
388.00000 377.00047 10.99953
392.00000 381.00151 10.99849
394.00000 392.80029 1.19971
396.00000 385.00169 10.99831
428.00000 425.59975 2.40025
475.00000 473.00160 1.99840
524.00000 520.00098 3.99902
528.00000 526.05184 1.94816
565.00000 563.70108 1.29892
571.00000 567.00134 3.99866
610.00000 604.00130 5.99870
615.00000 604.00130 10.99870
620.00000 616.00113 3.99887
707.00000 705.90220 1.09780
718.00000 708.00110 9.99890
723.00000 721.60197 1.39803
778.00000 765.00258 12.99742
834.00000 832.40155 1.59845
835.00000 822.00138 12.99862
882.00000 869.00260 12.99740
888.00000 875.00066 12.99934
891.00000 889.60161 1.39839
894.00000 881.00272 12.99728
1149.00000 1143.00047 5.99953
1211.00000 1204.00256 6.99744
1218.00000 1212.00137 5.99863
1288.00000 1286.40152 1.59848
1352.00000 1350.70122 1.29878
1366.00000 1364.50154 1.49846
1419.00000 1417.60006 1.39994
1513.00000 1497.99962 15.00038
1584.00000 1569.00042 14.99958
1588.00000 1586.40261 1.59739
1592.00000 1577.00164 14.99836
2016.00000 2008.00063 7.99937
2115.00000 2113.30148 1.69852
2179.00000 2177.60263 1.39737
2208.00000 2206.30114 1.69886
2303.00000 2301.30223 1.69777
2399.00000 2397.10020 1.89980
2400.00000 2398.30184 1.69816
2479.00000 2476.90260 2.09740
2486.00000 2484.20204 1.79796
2487.00000 2485.20097 1.79903
2488.00000 2486.20209 1.79791
2489.00000 2487.20242 1.79758
2490.00000 2473.00228 16.99772
3468.00000 3466.00187 1.99813
